RESP Generated by Faramarz Joodaki
 &cntrl
  ioutopt=1, iqopt=2, nmol=1, ihfree=1, irstrnt=1, qwt= 0.001
 &end
  1.0
fara
    0   62 
    8   -1
    8   -1
    8   -1
    8   -1
    6   -1
    6   -1
    6   -1
    6   -1
    6   -1
    6   -1
    6   -1
    6   -1
    6   -1
    6   -1
    6   -1
    6   -1
    6   -1
    6   -1
    6   -1
    6   -1
    6   -1
    6   -1
    6   -1
    6   -1
    6   -1
    6   -1
    6   -1
    1    0
    1    0
    1   -1
    1    0
    1    0
    1   32
    1    0
    1   34
    1    0
    1   36
    1    0
    1    0
    1   39
    1    0
    1   41
    1    0
    1   43
    1    0
    1   45
    1   45
    1    0
    1   48
    1    0
    1   50
    1    0
    1    0
    1   53
    1    0
    1    0
    1    0
    1    0
    1    0
    1    0
    1   60
    1   60







